12515,12688 12609 12812 12572
12516,12565 12712
12517,12658 12893
12518,12658 12748
12519,12750 12942
12520,12688 12666 12572
12521,12688 12803
12522,12817
12523,12567 12856 12648
12524,12906
12525,12791 12648
12526,12864 12807
12527,12712 12648
12528
12529,12750 12942
12530,12817 12803 12571
12531,12688 12817 12780
12532
12533,12688 12817 12571
12534,12549 12888 12589
12535,12516 12583 12712
12536
12537,12752 12912 12609 12925
12538
12539,12756
12540,12646 12886 12670
12541,12710
12542,12688 12522 12572
12543
12544,12658 12804 12853 12758 12760 12845
12545,12688 12593 12565 12535 12762
12546,12688 12571 12572
12547,12802 12658 12644 12680 12809 12873 12573
12548,12688 12571 12783
12549,12888
12550
12551,12688 12817 12803
12552,12817 12803 12627
12553,12688 12768 12690 12756 12887 12573 12750 12879
12554,12868 12711 12685
12555
12556,12750 12942
12557
12558,12750 12942
12559
12560,12750 12942
12561,12750 12942
12562,12609 12658 12692
12563,12658 12680
12564,12644 12775 12648 12905 12766
12565,12528 12793 12858
12566
12567,12656 12609 12886 12648 12795 12748 12540 12670
12568,12609 12578 12644 12741 12645 12840 12809 12750 12591 12688 12912 12756 12887 12698 12539 12795 12573
12569,12750 12942
12570,12609 12658 12692
12571,12817
12572,12738 12546 12515 12548 12582 12520 12841 12811 12717 12846 12688 12881 12913 12817 12850 12820 12757 12597 12694 12860 12542 12895 12927
12573,12578 12658 12644 12648 12863
12574
12575,12864 12807
12576,12688 12802 12658 12644 12936 12907 12573
12577,12750 12942
12578,12634
12579,12688 12817 12666
12580,12609 12707 12648
12581,12658
12582,12688 12935 12572
12583,12712
12584,12541
12585,12657 12818 12613 12741 12712 12536 12648 12905 12922 12731 12894 12814
12586,12658 12775 12712 12648 12856 12905 12620 12766
12587,12609
12588,12750 12942
12589
12590,12688 12817 12803 12651
12591,12922
12592,12550
12593,12658 12617
12594,12658 12746 12845
12595
12596,12735
12597,12688 12572 12943
12598
12599,12658 12517
12600,12751
12601,12750 12942
12602,12750 12942
12603,12851
12604
12605,12826
12606,12688 12578 12756 12886 12887 12573 12750
12607
12608,12750 12942
12609
12610,12750 12942
12611,12688 12658 12712 12859
12612,12750 12942
12613,12657 12818 12922
12614
12615,12744
12616,12658 12710 12711 12748
12617,12658 12675 12910
12618
12619,12750 12942
12620,12609 12775 12648 12795
12621
12622
12623,12712 12648
12624,12750 12942
12625,12609 12791 12648 12795
12626,12864 12807
12627,12817
12628
12629,12864
12630
12631
12632,12795
12633,12906
12634,12578
12635,12688 12658 12835 12644 12583 12712 12873 12763
12636,12688 12866 12658 12611 12756
12637
12638,12712
12639,12544 12594 12658 12787 12790 12599 12728 12682 12911
12640,12912 12688 12756 12887 12793 12858 12573 12749 12750
12641
12642,12696 12942
12643
12644,12756
12645,12688 12573
12646,12540
12647,12796
12648,12658
12649,12817 12803 12522
12650,12740 12614 12795 12879
12651,12817
12652,12932 12700 12655
12653,12688 12900 12741 12645 12742 12712 12840 12905 12539 12573
12654,12833 12898 12543
12655,12817 12724 12932 12789 12875 12651 12812 12700 12652
12656
12657,12712 12648
12658
12659,12774 12648
12660,12712 12648 12539 12766
12661,12688 12756 12712 12840 12921 12905 12765 12573 12862 12767
12662,12688 12817 12627
12663,12750 12942
12664,12609 12867 12566 12648 12795 12685
12665,12688 12912 12578 12900 12756 12598 12887 12840 12538 12653 12573 12942
12666,12817
12667,12748
12668,12837 12648 12795
12669,12688 12785 12817 12802 12658 12756 12809 12573
12670
12671,12922
12672,12725 12710 12748
12673,12688 12817 12695
12674,12645
12675,12658 12617
12676,12750 12942
12677,12816 12817 12803 12695
12678,12750 12942
12679,12688 12609 12817 12707 12934 12711 12648 12856 12571 12847 12671
12680,12873
12681,12696 12942
12682,12658 12893
12683,12710 12856 12648 12795 12830
12684
12685
12686,12688 12714
12687,12750 12942
12688,12609 12712 12859
12689,12549 12888
12690,12609
12691,12922
12692,12688 12609 12658 12756 12708 12583 12712 12907 12636
12693,12658
12694,12688 12627 12572
12695,12817
12696,12688 12644 12645 12583 12712 12905 12539 12573 12766
12697,12721 12679 12711
12698,12688 12756 12645 12712 12840 12573
12699
12700,12817
12701,12688 12785 12850
12702,12750 12942
12703
12704,12543
12705,12711
12706,12583 12712 12648 12604
12707,12896 12609 12837 12774 12648 12620 12625 12722 12596 12567 12791 12664 12795 12830
12708
12709,12803 12677 12551 12552 12649 12590 12688 12944 12849 12817 12530 12824 12764 12831
12710
12711
12712
12713,12750 12942
12714,12688
12715,12688 12658 12712 12907
12716
12717,12688 12666 12572
12718,12750 12942
12719,12826 12605
12720,12912
12721
12722,12609 12648 12735
12723
12724,12932 12655
12725
12726,12826
12727,12658 12680 12873
12728,12658 12746 12845
12729,12689 12549 12534 12589
12730,12532
12731,12657 12818 12613 12712 12536 12894
12732,12914 12648
12733,12750 12942
12734
12735,12609 12648 12795
12736,12864 12807
12737,12688 12645 12712 12648 12905 12765 12573
12738,12688 12695 12572
12739
12740,12614
12741,12756
12742,12648
12743,12609 12658 12692
12744
12745
12746,12658 12639
12747
12748
12749,12688 12756 12887 12793 12573 12750
12750,12688 12737 12756 12645 12696 12921 12778 12653 12573 12878
12751
12752,12578 12644 12712 12648 12840 12750 12688 12817 12658 12887 12698 12925 12573
12753,12540
12754
12755,12750 12942
12756
12757,12688 12609 12651 12572
12758,12937
12759,12608 12929 12610 12805 12933 12678 12872 12941 12558 12942 12687 12880 12624 12560 12885 12828 12702 12577 12519 12839 12776 12908 12588 12718 12529 12852 12854 12598 12601 12602 12733 12799
12760,12593
12761,12802 12658 12756 12809 12573
12762,12912 12609 12583 12749
12763,12907
12764,12817 12803 12700
12765,12712 12648
12766,12712 12648 12765
12767,12756 12917 12583 12648 12604 12765
12768,12578
12769,12736 12864 12626 12629 12869 12807 12797 12877 12781 12526 12575
12770,12750 12942
12771,12906
12772,12672 12748
12773,12703
12774,12609 12786 12648
12775,12648
12776,12750 12942
12777,12748
12778,12801 12802 12645 12842 12715 12907 12688 12658 12756 12855 12635 12861 12926
12779,12688 12644 12645 12712 12573
12780,12817
12781,12864 12807
12782
12783,12572
12784,12658 12639
12785,12817
12786,12735
12787,12658 12639
12788,12906
12789,12932 12700 12655
12790,12658 12517
12791,12609 12786 12648 12539
12792,12688 12817 12651
12793,12578
12794,12595
12795,12609 12648
12796,12647
12797,12864 12550 12807
12798,12605
12799,12750 12942
12800
12801,12688 12658 12712 12907
12802,12688 12658 12644 12936 12712 12680 12873 12763 12639
12803,12800 12688 12817 12654
12804,12845
12805,12750 12942
12806,12710
12807
12808,12806 12710 12711 12648 12856 12830
12809,12578 12658 12648 12863
12810,12658 12639
12811,12817
12812,12817
12813,12658
12814,12657 12818 12613 12536 12922 12731
12815,12750 12942
12816,12695 12716
12817,12800
12818
12819,12800 12688 12609 12817
12820,12688 12666 12783
12821,12810
12822,12708
12823,12750 12942
12824,12817 12803 12780
12825
12826,12886 12540 12670
12827
12828,12750 12942
12829,12658
12830,12672 12609 12710 12648 12795 12748
12831,12817 12803 12666
12832
12833,12654
12834
12835,12873
12836,12648 12555
12837,12609 12648 12735
12838,12688 12817 12522
12839,12750 12942
12840,12688 12573
12841,12688 12522 12572
12842,12688 12658 12712 12907
12843,12810
12844,12886 12540
12845,12937
12846,12688 12572 12700
12847,12691 12922 12940 12671
12848
12849,12688 12785 12817 12803 12812
12850,12688 12785 12609 12572
12851,12656
12852,12750 12942
12853,12937
12854,12750 12942
12855,12688 12658 12712 12907
12856
12857,12803
12858
12859
12860,12688 12700 12783
12861,12688 12658 12712 12907
12862,12712
12863,12578 12658 12648
12864
12865,12565
12866,12688 12658 12712 12859
12867,12947 12711 12747 12685
12868
12869,12864 12807
12870,12793
12871,12826
12872,12750 12942
12873
12874
12875,12932 12655
12876,12915 12595 12648
12877,12864 12807
12878,12688 12645 12712 12648 12905 12573
12879,12553
12880,12750 12942
12881,12688 12571 12572
12882,12688 12802 12658 12756 12809 12573
12883
12884,12583 12648 12638
12885,12842 12942
12886
12887,12578 12648 12809 12863
12888,12549
12889,12688 12609 12817 12812
12890,12658 12648
12891,12809 12573
12892
12893,12658 12746
12894
12895,12688 12572 12700
12896,12609 12648 12735
12897,12625 12648
12898,12704 12543
12899
12900
12901,12688 12609 12658 12692 12570 12573
12902,12688 12817 12943
12903
12904,12750 12942
12905
12906,12912 12688 12578 12756 12887 12538 12573 12750 12942
12907,12912 12688 12658 12644 12756 12645 12712 12573
12908,12750 12942
12909,12672 12658 12711 12856
12910,12658 12617
12911,12658 12746
12912,12583
12913,12688 12780 12572
12914,12648
12915,12595 12648 12876
12916,12596 12648
12917,12706 12583 12648 12604
12918,12807
12919,12826
12920,12688 12817 12935
12921,12688 12645 12712 12648 12905 12765 12573 12862
12922
12923,12932 12714 12686
12924,12946 12730
12925
12926,12688 12562 12658 12756 12692 12645 12901 12743 12570 12907
12927,12688 12571 12783
12928
12929,12750 12942
12930
12931,12644 12810
12932,12688 12739 12803 12714
12933,12750 12942
12934,12922 12671
12935,12817
12936
12937
12938,12688 12817 12700
12939,12750 12942
12940,12922
12941,12750 12942
12942,12688 12912 12609 12578 12756 12645 12598 12887 12538 12859 12573
12943,12817
12944,12817 12803 12943
12945,12810
12946,12773 12703
12947,12747
